27,14,70,7,85,66,65,57,68,23,33,78,4,84,25,18,43,71,76,61,34,82,93,74,26,15,83,64,2,35,19,97,32,47,6,51,99,20,77,75,56,73,80,86,55,36,13,95,52,63,79,72,9,10,16,8,69,11,50,54,81,22,45,1,12,88,44,17,62,0,96,94,31,90,39,92,37,40,5,98,24,38,46,21,30,49,41,87,91,60,48,29,59,89,3,42,58,53,67,28

31 23 52 26 08
27 89 37 80 46
97 19 63 34 79
13 59 45 12 73
42 25 22 06 39

27 71 24 03 00
79 42 32 72 62
99 52 11 92 33
38 22 16 44 39
35 26 76 49 58

39 19 82 53 57
52 98 69 77 23
01 40 18 66 83
34 85 28 48 16
15 93 38 96 27

74 50 88 84 99
34 02 11 25 17
57 04 19 83 01
59 77 42 36 33
73 22 23 37 55

98 91 56 84 78
45 21 24 83 40
46 58 08 67 04
33 97 55 07 86
02 68 64 27 69

68 29 14 49 26
04 21 87 71 32
58 05 17 46 93
45 96 08 83 02
78 91 09 20 42

49 81 19 48 37
38 23 45 82 92
93 99 67 66 42
40 74 25 56 16
21 47 26 75 61

53 66 72 30 34
55 82 77 06 92
60 56 08 22 88
05 71 49 29 74
28 02 32 84 73

52 31 24 68 41
48 82 19 29 65
51 91 97 39 80
03 55 43 40 38
20 89 53 45 75

29 74 19 89 18
32 88 93 46 63
91 04 94 64 05
57 54 49 36 40
97 81 39 77 01

07 57 94 84 39
92 03 28 15 75
88 45 65 81 63
86 04 89 37 71
08 13 66 42 85

60 66 35 47 98
96 27 40 51 39
03 64 25 28 74
58 17 97 59 29
95 31 18 44 37

03 31 97 85 71
79 82 22 61 98
87 14 17 66 75
36 89 88 83 63
44 08 81 25 48

73 84 28 90 94
25 19 44 10 23
08 59 17 09 93
20 77 97 64 06
98 82 27 70 91

18 51 16 99 02
58 22 89 13 19
39 66 91 08 32
49 24 85 94 42
45 70 10 86 04

23 81 66 13 34
25 80 97 05 42
79 35 02 78 09
00 06 91 94 45
21 90 76 50 56

50 92 02 96 75
85 82 80 97 31
61 35 55 27 56
74 42 09 29 90
86 15 88 47 01

18 20 54 92 62
45 22 32 61 75
01 38 50 81 42
82 04 21 77 65
27 51 56 39 48

36 10 62 28 70
94 99 34 54 06
15 01 41 13 12
92 52 02 63 82
90 64 29 69 32

23 77 33 90 17
45 78 05 67 28
57 73 89 81 21
49 64 37 15 14
07 59 04 43 16

81 92 25 28 90
93 72 43 94 26
24 09 13 74 10
21 02 36 32 51
87 97 55 86 71

82 71 99 17 90
69 95 65 55 10
09 92 39 62 78
59 13 61 24 44
08 31 58 00 57

17 83 55 99 27
79 04 33 76 07
81 43 44 49 72
02 48 97 20 77
47 60 35 16 63

93 95 94 01 98
61 57 84 55 22
85 40 65 46 59
21 15 63 77 07
13 99 49 03 96

08 21 14 45 41
65 63 82 62 28
91 44 22 79 96
20 75 86 03 26
74 11 42 59 36

05 52 43 92 99
46 63 10 45 81
13 66 21 32 89
25 28 96 40 88
27 18 31 73 34

03 26 43 32 36
68 87 67 65 99
73 61 20 90 07
21 52 02 82 10
58 49 56 16 80

97 25 93 63 32
87 14 05 22 76
89 92 91 03 51
00 24 95 69 20
96 11 10 01 55

95 86 44 75 70
59 76 45 02 99
01 34 71 81 41
87 14 33 84 96
08 38 09 82 68

27 71 70 75 76
25 87 02 79 96
20 88 50 37 32
48 94 63 86 22
15 06 34 78 59

30 89 51 31 77
74 10 86 71 84
29 54 58 44 05
11 90 26 50 63
64 62 20 40 46

37 09 46 23 31
68 21 25 36 90
17 33 06 50 30
11 89 20 47 60
26 59 34 62 77

84 52 40 97 07
88 30 42 58 94
64 10 02 90 83
44 35 77 91 47
14 74 09 78 53

86 14 00 39 24
87 69 58 08 73
88 74 27 40 51
63 54 55 93 61
16 66 15 21 48

43 70 09 81 42
36 54 99 34 95
98 19 90 25 44
69 56 18 77 49
58 16 67 75 57

36 44 14 98 23
31 05 83 46 03
45 21 41 11 60
33 81 88 92 65
13 51 48 59 71

12 05 70 87 32
42 18 90 73 88
68 29 76 38 55
67 62 15 77 34
39 27 51 54 19

87 08 92 93 88
77 54 15 01 43
35 97 26 21 29
13 46 96 69 47
51 38 91 32 63

73 99 30 15 16
42 58 21 88 44
45 13 27 68 09
36 06 81 53 05
78 76 11 60 01

57 76 50 78 31
45 42 68 53 16
09 88 89 19 21
96 61 97 69 34
98 87 33 82 00

04 16 89 57 64
46 75 77 65 23
71 42 96 52 38
01 21 93 00 35
59 80 53 36 58

97 62 35 01 88
98 60 17 45 94
12 43 65 23 19
71 52 03 40 59
50 76 61 20 22

92 65 38 93 13
55 26 10 46 29
85 23 19 74 34
60 14 27 36 18
53 04 52 49 17

99 56 93 70 28
25 00 77 80 57
91 50 72 76 23
53 58 95 78 59
75 85 90 44 09

30 08 05 60 06
28 35 59 70 96
20 99 98 81 79
94 78 27 71 04
07 34 43 46 51

93 65 22 69 33
92 49 75 35 11
58 39 62 86 83
64 04 76 48 82
74 01 56 95 31

01 78 98 90 55
80 14 36 99 07
85 08 10 09 92
76 11 40 70 62
43 53 74 35 58

46 78 35 28 49
84 73 65 25 34
40 59 66 36 67
16 22 29 00 45
20 56 39 88 91

32 58 35 25 79
78 94 57 38 14
89 87 68 48 76
07 67 40 51 33
95 31 43 93 92

38 21 82 31 23
54 16 77 37 42
73 99 07 34 90
71 26 05 91 52
22 27 47 85 62

02 86 28 37 55
01 82 09 36 31
52 98 89 30 60
13 17 63 38 57
73 50 42 20 12

56 03 67 62 35
59 39 19 22 27
21 58 57 41 54
75 13 82 50 32
23 05 99 66 10

07 19 45 66 78
38 57 40 73 87
58 30 99 53 83
64 01 08 56 95
70 77 16 18 82

72 83 95 37 35
54 59 92 21 79
07 81 86 29 41
52 99 42 57 71
03 15 75 34 77

07 70 05 69 04
34 60 40 73 06
74 54 67 32 38
93 62 17 51 86
57 88 99 03 16

42 74 11 34 07
82 47 71 31 58
69 23 43 04 64
32 19 98 93 41
63 97 08 85 48

63 54 34 38 86
04 27 15 49 00
61 77 53 98 74
62 23 88 97 37
93 28 25 50 13

56 82 41 27 79
23 31 64 07 65
52 98 93 16 57
88 49 10 11 62
43 95 53 51 83

41 10 87 54 86
19 22 13 40 17
37 27 45 29 63
83 85 81 90 07
57 88 47 66 56

67 44 54 88 89
20 46 61 28 92
86 49 60 83 95
42 78 97 51 96
11 62 04 26 31

18 68 87 26 70
62 84 11 33 90
00 45 66 83 06
20 19 27 44 55
52 08 05 07 03

54 94 88 76 92
13 98 22 33 26
95 62 53 81 24
29 69 15 87 25
61 40 84 90 93

07 31 03 28 46
20 51 21 18 38
30 92 39 70 61
27 88 35 96 74
23 05 66 11 42

40 61 90 57 54
41 14 99 62 59
92 10 48 81 52
22 29 77 18 87
31 79 25 94 13

17 26 44 98 57
74 83 51 14 11
76 91 96 64 33
43 45 92 72 27
66 03 28 20 40

88 82 44 71 55
83 47 51 76 24
86 19 42 34 99
30 31 87 48 62
98 53 68 09 21

03 31 06 41 61
24 77 81 96 44
78 73 01 98 11
40 80 27 65 92
62 67 02 30 10

78 46 50 65 56
84 16 32 58 86
22 12 54 99 35
09 43 55 10 94
66 81 59 92 76

78 03 55 23 83
13 42 94 91 22
14 37 31 67 71
08 61 57 34 43
74 50 00 39 65

78 16 13 91 34
14 74 86 03 97
12 89 58 65 51
29 57 48 44 93
95 01 42 39 92

93 96 16 85 25
59 03 70 19 17
21 84 58 38 86
57 10 35 95 79
81 44 73 63 09

22 01 96 07 93
40 49 02 04 66
87 21 17 32 48
44 28 42 99 26
69 08 85 86 75

21 31 37 87 28
89 43 74 83 57
95 29 92 88 35
94 25 97 81 50
15 19 73 45 63

92 62 67 95 57
30 08 04 39 64
99 31 70 63 96
25 53 24 93 35
34 51 82 91 28

41 30 20 56 46
16 32 98 60 35
67 09 43 42 88
78 90 71 05 29
49 31 37 63 18

80 40 88 05 62
03 06 74 71 97
19 58 63 59 38
50 64 34 68 45
25 30 21 33 83

10 65 67 17 50
21 51 18 68 59
29 78 77 99 76
62 35 96 07 95
82 53 42 49 69

74 65 89 06 01
18 30 72 75 24
60 50 52 55 82
68 99 04 61 22
09 37 84 57 87

96 85 56 72 02
09 38 98 12 04
34 45 74 97 86
18 94 64 70 68
91 41 58 39 66

34 13 26 80 29
00 04 21 60 90
39 73 12 02 19
64 44 61 88 45
59 50 08 91 49

34 85 55 02 75
10 15 89 12 63
90 29 87 73 71
38 17 84 45 09
97 98 77 23 61

47 43 22 58 01
63 44 02 94 99
33 81 51 49 13
38 86 42 91 23
07 67 68 39 84

04 26 12 38 41
43 16 88 71 99
50 24 19 77 98
23 73 44 10 51
56 42 30 52 59

57 16 09 62 27
26 65 56 10 82
00 74 78 12 99
77 18 38 05 37
07 60 40 90 23

14 69 18 51 08
21 79 60 36 12
68 44 59 45 16
90 50 85 25 70
91 31 30 54 26

24 40 51 72 63
31 60 62 25 96
09 44 35 28 91
97 04 34 81 02
61 68 94 52 86

00 57 95 88 94
36 38 25 35 19
13 06 08 61 98
45 85 86 69 97
41 32 07 15 59

41 82 19 29 34
44 96 06 91 76
69 21 32 94 98
04 10 88 30 02
08 74 56 65 99

36 91 73 15 54
62 55 40 27 44
11 60 95 61 46
31 32 21 41 35
74 86 83 89 79

02 96 94 82 68
39 83 49 30 15
62 11 86 99 59
51 80 12 72 58
87 66 98 53 29

44 71 18 63 85
11 75 60 66 13
36 09 94 57 08
10 12 32 03 86
04 29 54 70 21

27 33 76 83 67
77 29 65 39 44
52 34 25 93 64
35 04 57 92 84
41 51 88 96 00

21 91 82 03 26
23 08 36 20 73
54 39 60 34 57
49 99 97 69 43
41 93 95 80 63

73 77 04 09 22
17 33 15 86 79
38 16 99 98 30
64 92 76 50 68
83 85 52 87 88

57 53 13 36 76
07 10 91 03 22
08 84 56 73 59
62 80 85 38 33
68 97 47 14 96

36 08 98 43 70
85 95 31 01 51
33 41 78 89 56
76 16 15 34 82
12 18 39 04 03

98 49 41 30 95
68 89 81 48 84
15 19 90 66 14
32 01 88 34 64
73 65 06 20 86

22 18 13 74 34
75 04 60 88 46
25 97 54 94 91
42 67 40 11 81
05 12 49 48 15

82 91 18 73 57
97 50 34 16 66
29 43 81 20 15
19 44 85 04 32
90 58 39 53 42

50 53 83 10 00
93 16 84 23 13
89 63 75 69 51
65 35 67 56 70
04 37 29 47 38
